# {'device': 'mps', 'vocab': 151936, 'dead_token': 72030, 'dead_token_str': "'/API'", 'arch': 'causal', 'model': 'Qwen/Qwen2.5-0.5B-Instruct', 'freq_penalty': 0.0}
# dead token 72030 = '/API' shown as '.'
g   0 | . . . . . . . . . . . . . . . . . . . . . . . . . . . . . . . I am . . . . . . . . . . . . . . . . . . . . . . . . . . . . . . .
g   1 | . / - - / . . . . . . . . . . . . . . . . . . . . . . . . . . . /O not . . . . . . . . . . . . . . . . . . . . . . . . . . . . . .
g   2 | . _ 1 1 1 1 / - - - - . . . . . . . . . . . . . . . . . . . . . . BJECT found / . . . . . . . . . . . . . . . . . . . . . . . . . . . .
g   3 | . / # . 月 1 1 1 1 1 1 1 - - - / . . . . . . . . . . . . . . . . . . /Object in 1 . . . . . . . . . . . . . . . . . . . . . . . . . . .
g   4 | . / 1 1 ts / 日 日 1 1 1 1 1 1 2 1 2 / - / . . . . . . . . . . . . . . . /Object the 1 . . . . . . . . . . . . . . . . . . . . . . . . . .
g   5 | . / 1 . . / 1 記 食 1 ts 1 1 1 1 2 1 1 1 1 2 / - - - . / . . . . . . . . . /Object object 1 / . . . . . . . . . . . . . . . . . . . . . . . .
g   6 | . / 2 . 0 0 api . 載 / . / / 1 1 1 3 2 1 1 1 1 1 1 1 / / 1 / 1 - / . / / . . / 1 . 1 / . . . . . . . . . . . . . . . . . . . . . .
g   7 | . / 2 0 0 / / / 0 入 1 json api api 0 3 1 1 4 9 2 3 1 1 1 1 _ 1 1 1 / 1 1 / 2 2 / - 2 . 0 0 1 / / / / . . . . . . . . . . . . . . . . .
g   8 | . / 2 0 2 3 1 1 2 / 度 0 _ / / 0 0 4 1 2 2 1 8 1 4 1 1 _ 4 1 1 2 1 1 1 0 / 2 1 0 0 . 0 1 1 2 0 0 / 0 0 / . . / . . . . . . . . .
g   9 | . _ 1 0 1 3 0 1 2 1 2 小 3 # README 2 / 0 / / 0 0 1 / 6 0 1 2 2 4 2 1 0 8 _ 2 1 4 0 1 0 0 0 0 / 0 1 0 . 2 0 0 0 / / 2 / / / . / / / .
g  10 | . / # . . . . 0 0 0 0 5 数 0 罐 .md 0 README 0 2 1 / 0 / 0 0 0 / 0 4 5 4 2 0 4 1 0 0 4 0 2 3 0 0 0 0 / / / 0 0 1 0 0 0 0 0 0 2 2 / 1 0 1
g  11 | . _ 1 1 _ /. /. /. . 0 0 0 0 列 0 的 _ 0 .md .md 0 0 1 2 0 / 0 0 0 0 / / 7 0 1 5 3 0 0 5 0 0 0 0 0 0 0 0 0 0 0 0 / 0 0 0 0 0 0 1 / 0 / 0
g  12 | . / # . . 1 config api /. /. 0 0 0 1 名 0 值 Assistan 0 _ .md .md 0 .md .md 1 0 .md 0 0 0 0 0 7 0 8 3 0 0 0 0 0 0 0 0 0 0 0 0 0 0 0 0 0 0 0 0 / 0 0 0 0 0 0
g  13 | . / 2 1 html // 0 _ _ 1 config . 0 1 0 稱 0 的 : 1 好的 _ .md 0 0 0 .md .md .md 0 .md 1 .md 0 .md 0 0 8 0 0 0 0 0 0 0 0 0 0 0 0 0 0 0 0 0 0 0 0 0 0 0 0 0 0
g  14 | . / 2 0 7 / 1 0 _ `` . _ 1 _ .html 1 為 1 內容 _ 0 ， 1 _ 1 1 0 0 0 .md 0 .md .md 0 .md 0 .md .md .md 0 .md 0 0 0 0 0 0 0 0 0 0 0 0 0 0 0 0 0 0 0 0 0 0 0
g  15 | . / 2 0 1 6 2 3 3 _ ` _ `` 0 `` _ _ 一個 0 _ 2 _ 2 為 `` _ 1 1 1 0 _ 為 1 0 .md 0 .md 0 0 .md .md .md .md 0 0 0 0 0 0 0 0 0 0 0 0 0 0 0 0 0 0 0 0 0
g  16 | . / 2 0 1 9 - 0 9 3 2 _ * ` 0 _ `` _ 字 代表 _ 0 `` _ 2 0 _ `` 1 1 0 `` `` 0 0 _ _ 1 .md 0 0 0 .md .md .md .md .md 0 0 0 0 0 0 0 0 0 0 0 0 0 0 0 0 0
g  17 | . / 1 0 1 4 / 0 7 - 5 - 2 _ --- . ### ` 1 节 的 2 , _ 1 _ 1 代表 _ `` `` 1 _ `` `` 1 `` `` 1 5 0 0 0 0 0 .md .md .md 0 0 0 0 0 0 0 0 0 0 0 0 0 0 0 0
g  18 | . / 2 . 0 0 6 1 0 / 2 1 1 0 0 # . _ ``` . _ 代码 0 3 1 节 1 节 1 1 ` `` _ 1 `` _ 0 `` _ `` 1 0 0 0 0 0 _ .md .md 0 0 0 0 0 .md 0 0 0 0 0 0 0 0 0
g  19 | . / 1 0 0 / / . / 0 1 0 0 0 7 0 2 The 2 python _ --- 如下 0 0 9 ： . 1 节 节 ``` ` ``` 1 ` ``` 3 . ``` ` `` `` 0 0 0 0 `` _ .md 0 0 0 0 0 0 0 0 0 0 .md .md 0 0
g  20 | . / 1 . 0 0 2 1 git 1 0 / 0 0 0 4 2 0 _ 0 / 2 I 代码 1 0 9 _ 0 0 的 节 python ``` py _ ``` 2 _ 1 4 ``` ` _ 0 9 0 0 ` ``` _ 0 0 0 0 0 0 0 0 0 0 0 .md 0
g  21 | . / 2 . 0 . . 3 1 / . 0 2 0 0 0 - 8 0 0 0 0 0 / 中 . 0 6 ### 0 0 含义 是 代码 _ ``` import _ 0 ``` _ _ 0 ``` ``` 0 ``` 0 0 ``` 2 ``` 0 0 4 _ 0 0 0 0 0 0 0 _
g  22 | . _ 1 0 0 / 0 0 3 . 2 1 . . . 0 0 2 2 1 0 / 0 0 1 ， 0 2 0 _ 1 0 是什么 啥 的 ``` _ json import 0 表示 ``` ``` 0 _ _ 0 ``` ``` ``` 0 0 0 0 0 ``` ``` ``` 0 0 0 0 0 0
g  23 | . / # . . % 1 . 0 / 0 0 9 0 0 2 0 0 . . . 0 0 0 3 . 1 0 . / 0 0 0 意思 _ _ python ``` 格式 .py 0 json _ _ 0 json json 0 0 0 _ ``` 0 0 0 0 0 0 0 0 0 0 0 0
g  24 | . / 1 1 html / 2 0 1 . 1 . 0 0 - 0 0 0 0 1 0 0 0 0 0 0 0 . . 0 0 0 9 0 _ 这个 这个 的 import _ ``` 0 格式 ``` ``` 0 _ _ _ 0 0 ``` _ 0 0 0 0 0 0 0 0 0 0 0
g  25 | . _ 2 . 2 / # . 1 6 [ 0 1 . 1 1 . - 0 0 _ 1 0 0 0 0 0 0 0 0 0 0 0 9 0 _ 字符串 是 格式 语 ``` python _ _ python 1 格式 import ``` ``` _ 0 0 ``` 0 ``` 0 0 0 0 0 0 0 0
g  26 | . / # 0 ** . 2 2 2 2 / 1 . : 2 2 . 2 2 1 . --- 6 . . 0 0 0 0 0 0 0 0 0 8 0 1 _ 1 化的 句 # _ str ``` 的 . 化 string python ``` python 1 0 python 0 0 0 0 0 0 0 0 0
g  27 | . _ 2 1 0 API json 5 ** 2 2 0 . 2 2 2 2 2 2 . . 2 It . ** 2 . 0 0 / 0 0 0 0 0 8 0 0 0 . 数字 型 0 6 1 python 字符串 0 为 _ _ 的 ``` . 0 ``` . 0 0 0 0 0 0 0
g  28 | . / # 0 . . / _ . _ 1 0 API 0 1 1 . 2 2 2 2 2 2 is 2 2 1 2 . . 2 . 0 0 0 0 0 0 0 0 0 ** 数据 0 0 0 3 类型 0 0 2 Assistan json json ``` 0 表示 0 0 0 0 0 0 0
g  29 | . / 2 1 0 5 0 0 --- / ``` . . / . 0 0 0 0 2 2 2 2 2 a 2 2 1 2 1 2 2 2 . 0 0 0 0 0 0 0 0 . ** 1 0 0 0 0 0 0 0 _ _ _ json 0 成功 0 0 3 0 0 0
g  30 | . / 2 0 3 5 6 8 0 --- usr _ py ``` ``` ``` 0 0 0 0 1 0 2 2 2 . 2 2 2 2 2 1 2 2 0 0 0 0 0 0 0 0 0 0 / 2 . 0 0 0 0 0 0 1 ``` ``` _ 0 返回 _ 0 4 0 0
g  31 | . / 1 0 2 2 - 3 4 9 --- = ``` charm _ _ _ . 0 0 0 0 0 0 0 2 0 0 2 2 2 2 2 2 2 0 0 0 0 0 0 0 0 0 0 _ 2 0 0 0 0 0 0 0 0 _ ``` --- 0 ： ``` 0 0 0
g  32 | . / 1 . 0 8 2 1 0 5 2 The ======== python _ ``` ``` ``` _ 0 0 0 0 0 0 0 5 0 0 0 9 2 2 2 2 2 0 0 0 0 0 0 0 0 0 0 0 0 0 2 0 0 0 0 0 0 ``` _ ``` . 0 _ 0 0
g  33 | . / 1 . 0 . . . . 1 5 6 Chinese _ 3 # python python python 1 _ 0 1 0 0 0 0 _ 0 0 0 0 0 0 9 0 0 0 0 0 0 0 0 0 0 0 0 0 0 0 0 0 0 0 0 0 0 ``` ``` ``` py 0 ``` 0
g  34 | . / 1 . 0 . 0 0 0 0 . 2 6 _ # . _ 3 3 python 2 3 1 2 1 0 0 0 0 1 0 0 0 0 _ 9 _ 0 0 0 0 0 0 0 0 0 0 0 0 0 0 0 0 0 0 0 0 0 _ ``` ``` _ 1 ```
g  35 | . / 1 . 0 . 0 / 0 1 0 0 0 4 # This _ 2 . 3 3 . _ 0 3 2 2 0 0 0 0 0 0 0 0 3 0 0 _ 0 0 0 0 0 0 0 0 0 0 0 0 0 0 0 0 0 0 0 0 0 _ _ ``` .
g  36 | . / 2 . 0 . 0 / 2 . 8 0 0 0 0 1 is 1 0 0 . . 1 > 0 . 4 0 1 0 0 0 0 0 0 0 3 0 0 0 3 0 0 0 0 0 0 0 0 0 0 0 0 0 0 _ 0 0 0 0 0 0 0 _
g  37 | . _ 2 0 0 / 1 -beta 2 0 0 . . 0 0 0 7 a 2 0 0 0 0 0 1 . 0 9 0 0 0 0 0 0 0 0 0 1 1 0 0 0 3 0 0 0 0 0 0 0 0 0 0 0 0 0 0 . 0 0 0 0 0 0
g  38 | . / # 0 1 7 2 0 / 0 0 / 0 1 . 0 0 _ 1 0 0 . 0 0 0 0 0 0 0 0 0 0 0 0 0 0 0 0 0 1 0 0 0 . 0 0 0 0 0 0 0 0 0 0 0 0 0 0 0 0 0 0 0 0
g  39 | . / 0 1 0 1 9 6 0 2 1 0 0 0 7 0 0 / --- . . % 0 0 _ 0 0 0 0 0 0 0 0 0 0 0 0 0 0 0 _ 0 0 0 0 0 0 0 0 0 0 0 0 0 0 0 0 0 0 0 0 0 0 0
g  40 | . / 2 0 2 1 0 1 0 2 6 4 0 0 0 1 4 0 1 ## 0 . 0 1 0 . 0 0 0 0 0 0 0 0 0 0 0 0 0 0 0 `` 0 0 0 0 0 0 0 0 0 0 0 0 0 0 _ 0 0 0 0 0 0 0
g  41 | . / 1 0 2 1 / 7 1 1 1 0 4 4 5 0 _ 3 7 _ 2 0 2 0 0 0 0 0 0 . 0 0 0 0 0 0 0 0 0 0 0 0 `` . 0 0 0 0 0 0 0 0 0 0 0 0 0 `` 0 0 0 0 0 0
g  42 | . / 1 . 0 7 6 2 0 5 9 _ 0 5 6 / 9 --- . . 2 0 2 2 - 1 0 0 0 0 0 0 0 0 0 0 _ 0 0 _ 0 0 0 ` 0 0 0 0 0 0 0 0 0 0 0 0 0 0 . . 0 0 0 0
g  43 | . / 2 . 0 . . . . 8 4 8 _ . / 2 0 5 I 2 _ . 1 0 - 0 1 - 7 0 0 0 0 0 0 0 0 . 5 0 0 0 0 0 0 0 0 0 0 0 0 0 0 0 0 0 0 0 0 0 2 0 0 0
g  44 | . _ 1 0 0 / 0 0 0 1 . / 2 2 8 api . 1 . 6 0 1 5 9 0 1 0 - 2 2 _ 0 0 0 0 0 0 0 0 0 0 0 0 0 0 0 0 . 0 0 0 0 0 0 0 0 0 0 0 0 0 0 0 0
g  45 | . / # . . % 1 . 0 _ / Fix 0 0 8 / / 2 0 0 . 0 . . . 1 / 4 0 0 8 2 0 0 1 0 0 0 0 0 0 0 0 0 0 0 0 0 0 0 0 0 0 0 0 0 0 0 0 0 0 0 0 0
g  46 | . / 1 1 How /. s . 0 . _ 2 ing 0 1 6 0 0 0 1 8 0 . 0 0 0 . 0 / 4 . . 4 0 . . . 0 0 0 0 0 0 0 0 0 0 0 0 0 0 0 0 0 0 0 0 0 0 0 0 0 0 0
g  47 | . / 2 . / to How / 1 . 1 1 0 the . 0 0 0 0 0 0 9 0 0 . 0 0 0 0 0 1 0 0 . 0 0 0 0 . 0 0 0 0 0 0 0 0 0 0 0 0 0 0 0 0 0 0 0 0 0 0 0 0 0
g  48 | . / 2 0 0 1 the to To . to . . . / The 0 0 / . 0 0 9 0 0 0 0 0 0 0 0 0 0 0 0 0 0 0 0 0 0 0 0 0 0 0 0 0 0 0 0 0 0 0 0 0 0 0 0 0 0 0 0 0
g  49 | . _ 2 0 1 9 - _ tem To The To to to to 2 to 0 0 0 0 0 / . . . . 0 0 0 0 0 0 0 0 0 0 0 0 0 0 0 0 0 0 0 0 0 0 0 0 / 0 0 0 0 0 0 0 0 0 0 0 0
g  50 | . / # 0 1 8 - 0 2 per the End _ the the to 0 to to 0 0 0 0 0 txt 0 to 0 0 0 0 0 0 0 0 0 0 0 0 0 0 0 0 0 0 0 0 0 0 0 0 0 0 0 0 0 0 0 0 0 0 0 0 0
g  51 | . / 1 1 0 2 0 2 0 0 p rules of # End end the 0 the the 0 0 0 0 0 file 0 0 0 0 0 0 0 0 0 0 0 0 0 0 0 0 0 0 0 0 0 0 0 0 0 0 0 0 0 0 0 0 0 0 0 0 0 0
g  52 | . / 2 . 2 0 4 7 1 1 0 0 for the 3 of _ rules 0 0 end the 0 0 0 0 . 0 0 0 0 0 0 0 0 0 0 0 0 0 0 0 0 0 0 0 0 0 0 0 0 0 0 0 0 0 0 0 0 0 0 0 0 0
g  53 | . _ 2 0 0 . . . 5 . 9 1 0 the most 0 the --- : 0 0 _ rule 0 _ 0 0 0 0 0 0 . 0 0 0 0 0 0 0 0 0 0 0 0 0 0 0 0 0 0 0 0 0 0 0 0 0 0 0 0 0 0 0 0
g  54 | . / # 0 2 9 0 1 0 1 1 . . 0 domain common 0 most To root : : : _ 0 : 0 _ . 0 0 0 0 0 0 0 0 0 . 0 0 0 0 0 0 0 0 0 0 0 0 0 0 0 0 0 0 0 0 0 0 0 0 0
g  55 | . / 2 1 0 7 4 5 0 0 2 4 0 0 0 . . 0 popular xic _ false 0 0 0 0 _ : I 0 domain 0 0 0 0 0 0 0 0 0 0 0 0 0 0 0 0 0 . 0 0 0 0 0 0 0 0 0 0 0 0 0 0 0
g  56 | . / 2 0 3 0 8 2 9 0 1 _ 4 0 0 0 1 0 . / _ # _ 1 0 0 0 1 _ 'm 0 name 0 0 0 _ 0 0 0 0 0 0 0 0 0 0 0 0 0 0 popular 0 0 0 0 0 0 0 0 0 0 0 0 0
g  57 | . / 2 0 1 5 - 2 4 2 _ 0 --- . 1 / 0 2 0 0 2 4 _ # 4 0 0 0 0 1 y 0 ' ' 0 0 1 0 0 0 0 0 0 0 0 0 0 0 0 0 0 0 0 0 0 0 0 0 0 0 0 0 0 0
g  58 | . / 2 0 1 9 / 0 0 6 3 # . # 0 . 1 . / 1 1 0 2 0 _ 0 0 0 0 0 0 / 0 1 0 0 0 0 0 0 0 0 0 0 0 0 0 0 0 0 0 0 0 0 0 0 0 0 0 0 0 0 0 0
g  59 | . / 3 0 2 7 - 0 1 0 / 6 1 In 3 0 0 1 1 2 9 4 1 1 6 1 0 0 0 0 0 0 1 0 0 0 0 0 0 0 0 0 0 0 0 0 0 0 0 0 0 0 0 0 0 0 0 0 0 0 0 0 0 0
g  60 | . / 2 8 0 / 6 1 0 - 2 0 0 0 the 0 2 0 - 0 3 5 5 4 0 8 2 0 0 0 0 0 0 0 0 0 0 0 0 0 0 0 0 0 0 0 0 0 0 0 0 0 0 0 0 0 0 0 0 0 0 0 0 0
g  61 | . / 1 0 5 4 3 6 0 5 2 0 2 8 0 number 0 0 0 0 0 0 - - - 0 0 1 4 0 0 0 0 0 0 0 0 0 0 0 0 0 0 0 0 0 0 0 0 0 0 0 0 0 0 0 0 0 0 0 0 0 0 0
g  62 | . / 1 . 0 7 9 3 6 3 7 3 7 2 6 1 of 1 0 0 0 0 0 0 1 1 0 0 0 0 0 0 0 0 0 0 0 0 0 0 0 0 0 0 0 0 0 0 0 0 0 0 0 0 0 0 0 0 0 0 0 0 0 0
g  63 | . / 1 . 0 . . 0 3 9 2 8 7 1 0 5 5 the 9 0 0 0 0 0 0 0 1 0 0 0 0 0 0 0 0 0 0 0 0 0 0 0 0 0 0 0 0 0 0 0 0 0 0 0 0 0 0 0 0 0 0 0 0 0
g  64 | . / 0 . 0 . 0 0 / 6 0 _ 0 2 1 0 9 4 latest 3 0 0 _ 0 0 0 0 0 0 0 0 0 0 0 0 0 0 0 0 0 0 0 0 0 0 0 0 0 0 0 0 0 0 0 0 0 0 0 0 0 0 0 0 0
g  65 | . / 1 . 1 . 1 . 1 0 2 0 `` . . 1 1 5 4 _ 1 0 0 `` 2 0 0 0 0 latest 0 0 0 0 0 0 0 0 0 0 0 0 0 0 0 0 0 0 0 0 0 0 0 0 0 0 0 0 0 0 0 0 0 0
g  66 | . / 2 . 0 . 0 . 1 . 0 9 1 ` The `` . . . . `` . . 0 . . 0 `` `` 0 `` 0 0 0 0 0 0 0 0 0 0 0 0 0 0 0 0 0 0 0 0 0 0 0 0 0 0 0 0 0 0 0 0 0
g  67 | . / 2 0 0 / 0 / 0 2 0 . 0 1 ### ` ` json `` `` `` is is is . 0 0 . . is . . `` 0 0 0 0 0 0 0 0 0 0 0 0 0 0 0 0 0 0 0 0 0 0 0 0 0 0 0 0 0 0 0
g  68 | . / 1 0 1 4 2 1 0 / 0 0 2 0 . _ 2 1 ` ` ` `` the a is Is 1 0 0 0 . 0 is ` 0 . . 0 0 0 0 0 0 0 0 0 0 0 0 0 0 0 0 0 0 0 0 0 0 0 0 0 0 0
g  69 | . _ 2 . 0 4 6 4 4 1 1 0 0 1 2 0 1 0 . ( 2 _ ` ` ` not the 0 0 0 0 _ 0 the --- 0 0 0 0 0 0 0 0 0 0 0 0 0 0 0 0 0 0 0 0 0 0 0 0 0 0 0 0 0
g  70 | . / # 0 ** . . 8 3 3 8 6 9 0 0 5 5 5 0 0 2 0 2 This 1 _ a same . 0 0 0 0 0 _ ` 0 0 0 _ 0 0 0 0 0 0 0 0 0 0 0 0 0 0 0 0 0 0 0 0 0 0 0 0
g  71 | . / 1 1 0 API json ** ** . 3 ** 2 5 1 0 7 6 5 8 0 5 2 ** is . 0 _ as ** . 0 0 0 0 0 ** . 0 0 0 0 0 _ 0 0 0 0 0 0 0 0 0 0 0 0 0 0 0 0 0 0 0 0
g  72 | . / 2 . 3 0 / / --- API json . : 0 4 3 0 2 2 6 1 0 5 9 / a ** 0 0 a ** 3 0 0 0 0 0 0 0 0 0 0 0 ** as 0 0 0 0 0 0 0 0 0 0 0 0 0 0 0 0 0 0 0
g  73 | . _ 2 0 0 . . 2 2 --- Document - 2 `` . . 6 0 0 1 3 1 0 1 2 2 2 API 4 0 ** 0 0 2 0 0 0 0 0 0 0 0 / 0 a ** 0 0 0 0 0 0 0 0 0 0 0 0 0 0 0 0 0 0
g  74 | . / # 0 1 1 0 0 . . # _ API 0 . 2 2 _ _ 0 _ 3 1 0 3 5 3 2 _ 0 0 . . 0 0 0 . 2 0 0 0 0 0 2 0 0 0 0 0 0 0 0 0 0 0 0 0 0 0 0 0 0 0 0
g  75 | . / 1 2 0 1 4 1 0 0 0 0 --- / 1 0 . . ### ## . 0 _ _ _ _ 5 _ 4 0 _ 0 0 0 0 . 0 0 2 2 0 0 0 0 0 0 0 0 0 0 0 0 0 0 0 0 0 0 0 0 0 0 0 0
g  76 | . / 1 . 3 5 2 6 6 3 0 0 0 --- 1 2 0 1 1 / / ### 0 --- --- ## --- . 5 _ _ 2 _ 0 0 0 0 0 0 0 . 0 0 0 0 0 0 0 0 0 0 0 0 0 0 0 0 0 0 0 0 0 0 0
g  77 | . / 1 . 0 . . . . 4 7 5 0 0 --- . . 0 . 0 0 1 / 0 1 ### _ ### ### 6 --- --- 0 1 _ 0 0 0 0 0 0 0 0 0 0 0 0 0 0 0 0 0 0 0 0 0 0 0 0 0 0 0 0 0
g  78 | . _ 2 . 0 . 0 0 0 0 . 8 1 0 _ --- . . . 0 . 0 . 1 . . 1 1 _ ### 7 . . 1 0 --- 0 1 0 0 0 0 0 0 0 0 0 0 0 0 0 0 0 0 0 0 0 0 0 0 0 0 0 0
g  79 | . / # 0 ** . 0 _ 1 0 0 0 0 1 0 ``` ### NET . . 0 0 . 0 0 0 0 . 1 0 _ . 0 7 . . --- . . 0 0 0 0 0 0 0 0 0 0 0 0 0 0 0 0 0 0 0 0 0 0 0 0 0
g  80 | . / 2 1 0 # json 0 _ . . % 0 0 / 0 0 _ / NET NET . 0 0 0 0 . 0 0 0 0 1 0 0 2 0 0 ### 0 0 0 . 0 0 0 0 0 0 0 0 0 0 0 0 0 0 0 0 0 0 0 0 0 0
g  81 | . / 2 0 0 0 1 _ _ _ _ _ 2 0 0 2 0 0 0 0 / NET 0 0 0 0 0 0 0 0 0 . 0 0 0 . 0 0 0 0 0 0 0 0 0 0 0 0 0 0 0 0 0 0 0 0 0 0 0 0 0 0 0 0
g  82 | . / 1 0 2 9 - 2 --- --- * 2 1 . . 0 - 0 0 0 0 2 / 0 0 0 0 0 0 0 0 0 0 0 0 0 0 0 0 . 0 0 0 0 0 0 0 0 0 0 0 0 0 0 0 0 0 0 0 0 0 0 0 0
g  83 | . / 0 . 0 5 2 1 0 # # The 0 . 1 1 2 2 . 0 0 0 2 0 0 0 0 0 0 0 0 0 0 0 0 0 0 0 0 0 0 0 0 0 0 0 0 0 0 0 0 0 0 0 0 0 . 0 0 0 0 0 0 0
g  84 | . / 2 . 1 . . . . 9 0 0 current . 0 0 2 1 0 0 . 0 0 . . 0 0 0 0 0 0 0 0 0 0 0 0 0 0 0 0 0 0 0 0 0 0 0 0 0 0 0 0 0 0 0 0 0 0 0 0 0 0 0
g  85 | . / 1 0 0 . 0 0 0 1 4 0 0 version _ . 0 _ . 0 0 0 0 2 0 0 0 0 0 0 0 . 0 0 0 0 0 0 0 0 0 0 0 0 0 0 0 0 0 0 0 0 0 0 0 0 0 0 0 0 0 0 0 0
g  86 | . / 2 . 3 0 0 . 0 . 1 1 1 0 _ 1 0 0 `` 1 0 0 0 0 0 0 0 0 0 0 0 0 0 0 0 0 0 0 0 0 0 0 0 0 0 0 0 0 0 0 0 0 0 0 0 0 0 0 0 0 0 0 0 0
g  87 | . _ 1 0 0 . . 1 1 . 0 . . . 0 2 4 0 0 ` 0 0 `` 0 0 0 0 0 0 0 0 0 0 0 0 0 0 0 0 0 0 0 0 0 0 0 0 0 0 0 0 0 0 0 0 0 0 0 0 0 0 0 0 0
g  88 | . / # . . % 2 _ 0 . 1 . 1 1 1 / 0 _ _ . ``` . 0 ` 0 `` 0 0 0 0 0 0 0 0 0 0 0 0 0 0 0 0 0 0 0 0 0 0 0 0 0 0 0 0 0 0 0 0 0 0 0 0 0 0
g  89 | . _ 2 1 Please / s F _ . 0 3 0 _ . 1 0 . Assistan _ _ ruby py . _ . ` 0 0 0 0 0 0 0 0 0 0 0 0 0 0 0 0 0 0 0 0 0 0 0 0 0 0 0 0 0 0 0 0 0 0 0 0 0
g  90 | . / # 0 . make 2 uggested w 2 _ 0 0 0 2 0 1 0 0 _ 1 1 _ _ 0 0 0 2 . 0 0 0 0 0 0 0 0 0 0 0 0 0 0 0 0 0 0 0 0 0 0 0 0 0 0 0 0 0 0 0 0 0 0 0
g  91 | . _ 2 1 0 1 sure _ _ / 0 2 . 0 0 0 0 9 0 0 # 2 1 2 ### 0 0 0 0 make 0 0 2 0 0 0 0 0 0 0 0 0 0 0 0 0 0 0 0 0 0 0 0 0 0 0 0 0 0 0 0 0 0 0
g  92 | . / # 0 . . 2 ty Translat I 2 / 0 0 5 / 1 / 0 0 0 0 1 0 0 2 2 0 0 0 sure 0 0 0 0 1 0 0 0 0 0 0 0 0 0 0 0 0 0 0 0 0 0 0 0 0 0 0 0 0 0 0 0 0
g  93 | . _ 2 1 0 1 0 . 3 _ 1 0 0 . 0 0 0 0 0 0 5 0 0 / 0 0 0 0 0 0 0 i 0 0 0 1 0 0 2 0 0 0 0 0 0 0 0 0 0 0 0 0 0 0 0 0 0 0 0 0 0 0 0 0
g  94 | . / # 0 . . 0 0 0 0 2 . 0 0 0 0 _ 0 0 0 0 _ 0 0 1 . 0 0 0 0 0 0 _ 0 0 0 0 . 0 0 0 0 0 0 0 0 0 0 0 0 0 0 0 0 0 0 0 0 0 0 0 0 0 0
g  95 | . / 2 2 0 1 0 . 1 . 0 0 0 . 0 0 0 _ . 0 0 0 0 0 0 1 0 0 0 0 0 . 0 0 0 2 . _ 0 0 0 0 0 0 _ 0 0 0 0 0 0 0 0 0 0 0 0 0 0 0 0 0 0 0
g  96 | . / 2 0 8 9 5 0 0 0 1 1 0 0 0 0 0 0 _ 0 0 0 0 0 0 0 . 0 0 0 0 0 0 0 0 0 5 0 _ 0 0 0 0 0 0 0 0 0 0 0 0 0 0 0 0 0 0 0 0 0 0 0 0 0
g  97 | . / 1 0 2 9 9 0 3 0 0 / 7 2 0 0 0 0 0 2 0 0 0 0 0 0 0 0 0 0 0 0 0 0 0 0 0 0 0 _ . 0 0 0 0 0 . 0 0 0 0 0 0 0 0 0 0 0 0 0 0 0 0 0
g  98 | . / 1 . 0 0 2 6 4 0 3 0 2 2 8 0 0 0 0 0 0 0 0 0 0 0 0 0 0 0 0 0 0 0 0 0 0 0 0 0 1 _ 0 0 0 0 0 0 0 0 0 0 0 0 0 0 0 0 0 0 0 0 0 0
g  99 | . / 1 . 0 . . / 0 9 0 8 4 9 4 0 6 0 0 0 0 0 0 0 0 0 0 0 0 0 0 0 0 0 0 0 0 0 0 0 0 0 1 . 2 0 0 0 0 0 0 0 0 0 0 0 0 0 0 0 0 0 0 0
g 100 | . / 2 . 0 . 0 0 api . . 2 2 2 0 8 0 5 1 0 0 0 0 0 0 0 0 0 0 0 0 0 0 0 0 0 0 0 0 0 0 0 0 0 0 . 1 0 . 0 0 0 0 0 0 0 0 0 0 0 0 0 0 0
g 101 | . / 1 0 0 / 0 . 0 .json 0 json 0 0 2 0 2 0 0 1 0 0 0 0 0 0 0 0 0 0 0 0 0 0 0 0 0 0 0 0 0 0 0 0 0 0 0 2 0 0 0 0 0 0 0 0 0 0 0 0 0 0 0 0
g 102 | . / 1 . 0 0 1 0 0 . ', 0 0 . 0 0 2 0 2 0 0 1 0 0 0 0 0 0 0 0 0 0 0 0 0 0 0 0 0 0 0 0 0 0 0 0 0 0 0 2 1 0 0 0 0 0 0 0 0 0 0 0 0 0
g 103 | . / 1 . 0 . . _ 0 1 0 ' , 0 0 0 0 5 0 0 0 0 0 0 0 0 0 0 0 0 0 0 0 0 0 0 0 0 0 0 0 0 0 0 0 0 0 0 0 0 0 7 0 0 0 0 0 0 0 0 0 0 0 0
g 104 | . / 2 . 0 . 0 0 _ . . 3 1 ' 0 0 1 0 ,' 0 0 0 0 0 0 0 0 0 0 0 0 0 0 0 0 0 0 0 0 0 0 0 0 0 0 0 0 0 0 0 0 0 0 0 0 0 0 0 0 0 0 0 0 0
g 105 | . / 2 0 0 / 0 -beta 0 2 0 _ . . 1 . 0 ' 0 . 0 1 0 ,' 0 0 0 0 0 0 0 0 0 0 0 0 0 0 0 0 0 0 0 0 0 0 0 0 0 0 0 ' 0 0 0 0 0 0 0 0 0 0 0 0
g 106 | . _ 1 0 1 8 1 0 - 0 0 1 2 _ _ 0 0 . - 0 0 . 0 . 0 . 0 0 0 0 0 0 0 0 0 0 0 0 0 0 0 0 0 0 0 0 0 0 0 0 0 0 0 . 0 0 0 0 0 0 0 0 0 0
g 107 | . / # . . . . 1 1 2 1 0 _ 0 1 1 0 0 0 _ . . 0 0 0 0 0 . . 0 0 0 0 0 0 0 0 0 0 0 0 0 0 0 0 0 0 0 0 0 0 0 0 0 0 0 0 0 0 0 0 0 0 0
g 108 | . / 1 2 No // /. /. 2 1 2 . 8 --- . . 2 1 0 0 0 0 0 0 0 0 _ 0 0 0 0 0 0 0 . 0 0 0 0 0 0 0 0 0 0 0 0 0 0 0 0 0 0 0 0 0 0 0 0 0 0 0 0 0
g 109 | . / 2 . 3 . 1 git git 0 2 9 0 4 I 1 /. 1 2 . . 0 0 0 0 0 0 2 . 0 0 0 0 0 0 0 0 0 0 0 0 0 0 0 0 _ 0 0 0 0 0 0 0 0 0 0 0 0 0 0 0 0 0 0
g 110 | . / 2 0 1 . 0 . / 2 . 1 4 6 4 0 1 git . 3 0 1 . 0 0 0 0 0 . 0 0 0 0 0 0 0 0 0 0 0 0 0 0 0 0 0 2 0 : 0 0 0 0 0 0 0 0 0 0 0 0 0 _ 0
g 111 | . / 2 0 2 8 1 . 0 0 0 0 . . 2 3 . 3 / 1 9 1 8 0 . 0 . 0 1 1 0 0 0 0 0 0 0 0 0 0 0 0 0 0 0 0 0 0 1 1 0 0 0 0 0 0 0 0 0 0 0 0 0 2
g 112 | . / 2 0 2 1 - 0 1 1 0 0 0 0 0 0 . 0 0 2 . 5 . - 0 0 0 0 . . . . . 0 0 0 . 0 0 0 0 0 0 0 0 0 0 0 0 . 0 0 0 0 0 0 0 0 0 0 0 0 0 0
g 113 | . / 1 0 1 3 / 0 5 - 0 _ 0 0 0 0 0 0 0 0 0 0 0 0 0 0 0 0 0 0 0 0 0 0 0 0 0 0 0 0 . 0 0 0 0 0 0 0 0 0 0 0 0 0 0 0 0 0 0 0 0 0 . 0
g 114 | . / 1 . 0 8 8 1 0 / 0 9 _ 5 : 0 0 0 0 0 0 0 0 0 0 0 0 0 0 0 0 0 0 0 0 0 0 0 0 0 0 0 0 0 0 0 0 0 0 0 0 0 0 0 0 0 0 0 0 0 0 0 0 0
g 115 | . / 2 . 0 . . . 0 3 1 0 4 0 0 5 0 : 0 _ 0 0 0 0 0 0 0 0 0 0 0 0 0 0 0 0 0 0 0 0 0 0 0 0 0 0 0 0 0 0 0 0 0 0 0 0 0 0 0 0 0 0 0 0
g 116 | . / 2 0 0 /api 0 0 0 . 5 . . 4 4 4 1 1 0 0 2 . : 0 0 0 0 0 0 0 0 0 0 0 0 0 0 0 0 0 0 0 0 0 0 0 0 0 0 0 0 0 _ 0 0 0 0 0 0 0 0 0 0 0
g 117 | . / 2 0 2 8 /v 2 0 0 0 . 0 1 . . 4 . . 0 1 0 1 1 . 0 0 0 0 0 0 . 0 0 0 0 0 0 0 0 0 0 0 0 0 0 0 0 0 0 0 0 0 2 0 0 0 0 0 0 0 0 0 0
g 118 | . / 1 0 2 1 0 1 / 2 0 0 0 . . 0 0 1 0 0 . . . . . 0 0 0 1 0 0 0 0 0 0 0 0 0 . 0 0 0 0 0 0 0 0 0 0 0 0 0 0 0 0 0 0 0 0 0 0 0 0 0
g 119 | . / 0 . 0 5 6 8 0 1 0 2 7 0 0 0 0 0 / 0 0 0 0 0 0 1 0 0 0 . 0 0 0 0 0 0 0 0 0 0 0 0 0 0 0 0 0 0 0 0 0 0 0 0 0 0 0 0 0 0 0 0 0 0
g 120 | . / 1 . 0 . . . 0 2 4 2 1 4 5 0 0 0 0 0 . 0 0 0 0 0 0 0 0 0 0 0 0 0 0 0 0 0 0 0 0 0 0 0 0 0 0 0 0 0 0 0 0 0 0 0 0 0 0 0 0 0 0 0
g 121 | . / 1 . 0 . 0 0 0 . . . 1 5 5 8 4 0 0 0 0 0 0 0 0 0 0 0 0 0 0 0 0 0 0 0 0 0 0 0 0 0 0 0 0 0 0 0 0 0 0 0 0 0 0 0 0 0 0 0 0 0 0 0
g 122 | . / 1 . 0 . 0 / 0 0 0 0 0 . 0 8 2 2 4 0 0 0 0 0 0 0 0 0 0 0 0 0 0 0 0 0 0 0 0 0 0 0 0 0 0 0 0 0 0 0 0 0 0 0 0 0 0 0 0 0 0 0 0 0
g 123 | . / 2 . 0 . 0 . 1 . 0 1 0 0 0 0 0 0 . . 0 0 0 0 0 0 0 0 0 0 0 0 0 0 0 0 0 0 0 0 0 0 0 0 0 0 0 0 0 0 0 0 0 0 0 0 0 0 0 0 0 0 0 0
g 124 | . / 1 0 0 / 0 . 0 0 0 . . 1 1 0 0 0 0 0 0 . 0 0 0 0 0 0 . 0 0 0 0 0 0 0 0 0 0 0 0 0 0 0 0 0 0 0 0 0 0 0 0 0 0 0 0 0 0 0 0 0 0 0
g 125 | . / 2 . 7 0 1 0 0 . 0 0 0 0 2 2 . . 0 0 0 0 0 0 0 . 0 0 0 0 0 0 0 0 0 . 0 . 0 0 0 0 0 0 0 0 0 0 0 0 0 0 0 0 0 0 0 0 0 0 0 0 0 0
g 126 | . / 2 0 0 . . . 0 0 0 . 0 0 0 0 6 0 0 0 0 0 0 0 0 0 0 0 0 0 0 0 0 . 0 0 0 0 0 . 0 0 0 0 0 0 0 . 0 0 0 0 0 0 0 0 0 0 0 0 0 0 0 0
g 127 | . / 1 0 2 4 1 1 1 . 0 0 0 0 0 . 0 _ 0 0 0 0 0 0 0 0 0 0 0 0 0 0 0 0 0 0 0 0 0 0 0 0 0 0 0 0 0 0 0 0 0 0 0 . 0 0 0 0 0 0 0 0 0 0
g 128 | . / 2 . . 6 8 2 5 4 1 . 0 0 0 0 0 0 _ 0 0 0 0 0 0 0 0 0 0 0 0 0 0 0 0 0 0 0 0 0 0 0 0 0 0 0 0 0 0 0 0 0 0 0 0 0 0 0 0 . 0 0 0 0
g 129 | . _ 2 0 0 0 . . . . . 2 0 . 0 0 0 0 0 _ . 0 0 0 0 0 0 0 0 0 0 0 0 0 0 0 0 0 0 0 0 0 0 0 0 0 0 0 0 0 0 _ 0 0 0 0 0 0 0 0 0 0 0 0
g 130 | . / # 0 1 5 年 0 1 0 ( . 0 0 0 0 0 . . 0 2 _ 0 0 0 0 0 0 0 0 0 0 0 0 0 0 0 0 0 0 0 0 0 0 0 0 0 0 0 0 0 0 2 0 0 0 0 0 0 0 0 0 0 0
g 131 | . / 2 1 0 0 5 1 4 月 月 2 pdf 1 0 0 0 0 0 0 0 5 0 . 0 0 0 . 0 0 0 0 0 0 0 0 0 0 0 0 0 0 0 0 0 0 0 0 0 0 0 0 0 _ 0 0 0 0 0 0 0 0 0 0
g 132 | . / 2 0 2 0 5 4 0 6 2 度 1 .pdf - 0 0 0 0 0 0 0 0 0 0 0 0 0 0 0 0 . 0 0 0 0 0 0 0 0 0 0 0 0 0 0 0 0 0 0 0 0 0 0 0 0 0 0 0 0 0 0 0 0
g 133 | . / 2 0 1 1 / 5 0 7 4 6 量 0 _ 1 . 1 1 0 0 0 0 0 0 0 0 0 0 0 0 0 0 0 0 0 0 0 0 0 0 0 0 0 0 0 0 0 . 0 0 0 0 0 0 0 0 0 0 0 0 0 0 0
g 134 | . / 2 0 2 8 / 1 / 3 1 9 _ 变 0 # . _ . . 0 0 0 0 0 0 0 0 0 0 0 0 1 5 0 0 0 0 0 0 0 0 0 0 0 0 0 0 0 0 0 0 0 0 0 0 0 0 0 0 0 0 0 0
g 135 | . / 2 0 2 1 - 0 2 1 1 / 0 # 种 0 1 0 1 _ _ . 0 0 0 0 0 0 0 0 0 0 0 _ _ 2 0 0 0 0 0 0 0 0 0 0 0 0 0 0 0 0 0 0 0 0 0 0 0 0 0 0 0 0
g 136 | . / 2 0 2 3 / 0 3 - 4 - 2 0 1 草 1 0 0 0 2 2 _ 0 0 0 0 0 0 0 0 0 0 0 # # 0 2 0 - 0 0 0 0 0 0 0 0 0 0 0 0 0 0 0 0 0 0 0 0 0 0 0 0
g 137 | . / 2 0 2 0 0 0 1 / 0 0 1 9 2 9 根 2 0 0 0 0 0 2 0 1 0 0 0 0 0 0 0 0 0 1 # 0 _ 0 0 0 0 0 0 0 0 0 0 0 0 0 # 0 0 0 0 0 0 0 0 0 0 0
g 138 | . / 2 0 2 1 / 4 0 0 2 0 0 0 3 2 5 号 - 2 0 0 0 0 0 0 0 0 0 0 0 0 0 0 0 0 0 1 0 # 0 1 0 0 0 0 0 0 0 0 0 0 0 0 _ 0 0 0 0 0 0 0 0 0
g 139 | . _ 2 0 2 3 / 0 / / 0 0 0 0 0 3 / 9 _ 关于 0 2 2 0 0 0 0 0 0 0 0 0 0 0 0 0 0 0 4 0 1 0 0 0 0 0 0 0 0 0 0 0 0 0 0 Human 1 0 0 0 0 0 0 0
g 140 | . / # 0 2 3 年 1 2 0 _ / 0 0 0 0 _ 0 / 2 “ 0 0 0 1 0 0 0 0 0 0 0 0 0 0 0 0 0 0 0 0 0 0 0 0 0 0 0 0 0 0 0 0 0 0 0 Rights 0 0 0 0 0 0 0
g 141 | . / 0 2 0 1 4 1 月 月 0 1 2 2 1 0 0 # 2 0 0 0 0 0 0 1 0 0 0 0 0 0 0 0 0 0 0 0 0 0 0 0 0 0 0 0 0 0 0 0 0 0 0 0 0 0 0 of 0 0 0 0 0 0
g 142 | . / 2 . 4 1 1 6 1 1 报 2 日 1 0 2 1 0 1 0 2 2 0 0 0 0 3 0 0 0 0 0 0 0 0 0 0 0 0 0 0 0 0 0 0 0 0 0 0 0 0 0 0 0 0 0 0 0 _ 0 0 0 0 0
g 143 | . / 2 0 0 . . . . 2 4 文 0 1 6 时 1 5 1 2 1 0 3 0 0 0 0 0 0 0 0 0 0 0 0 0 0 0 0 0 0 0 0 0 0 0 0 0 0 0 0 0 0 0 0 0 0 0 0 什么意思 0 0 0 0
g 144 | . _ 2 0 2 9 1 0 1 1 0 0 档 0 .txt .pdf ， 1 分 5 0 8 1 7 0 0 0 0 0 0 0 0 0 0 0 0 0 0 0 0 0 0 0 0 0 0 0 0 0 0 0 0 0 0 0 0 0 0 0 0 _ 1 0 0
g 145 | . / # 0 2 2 - 2 1 0 _ 0 0 位 0 _ ( 文件 0 3 秒 秒 秒 4 8 5 字 0 0 0 0 0 0 0 0 0 0 0 0 0 0 0 0 0 0 0 0 0 0 0 0 0 0 0 0 0 0 0 0 0 0 这个 分 1
g 146 | . / 2 api 0 5 5 0 0 0 0 # 2 : 数 1 1 0 名 2 ) ) ) 秒 秒 0 0 ) 0 位 0 0 0 0 0 0 0 0 0 0 0 0 0 0 0 0 0 0 0 0 0 0 0 0 0 0 0 0 0 0 0 0 文件 隔
g 147 | . / 2 0 / 0 0 0 0 0 0 0 api api 2 列 0 0 0 学生 0 2 ``` `` _ 秒 . 0 ### 0 1 0 0 0 0 0 0 0 0 0 0 0 0 0 0 0 0 0 0 0 0 0 0 0 0 0 0 0 0 0 0 0 0 _
g 148 | . / 2 0 2 1 0 0 0 0 0 0 0 / 0 0 名 0 0 0 表 0 0 _ `` `` _ 0 0 0 0 0 0 0 0 0 0 0 0 0 0 0 0 0 0 0 0 0 0 0 0 0 0 0 0 0 0 0 0 0 0 0 0 0
g 149 | . / 2 0 2 3 - 3 5 1 / 0 0 0 2 0 0 の 0 1 0 1 0 0 0 ` `` ``` 0 名 0 0 0 0 0 0 0 0 0 0 0 0 0 0 0 0 0 0 0 0 0 1 0 0 0 0 0 0 0 0 0 0 0 0
g 150 | . / 2 0 2 0 0 0 - 1 _ 2 0 0 0 0 1 0 情報 0 0 0 0 0 0 0 ### ` ` 0 の 件 0 0 0 0 0 0 0 0 0 0 0 0 0 0 0 0 0 0 0 0 0 0 0 0 0 0 0 0 0 0 0 0
